_0.png 225 93 398 315
_0.png 106 118 340 396
_0.png 211 66 351 237
_0.png 441 561 1294 1577
_0.png 68 31 217 219
_0.png 155 46 317 256
_0.png 149 132 462 570
_0.png 85 60 356 402
_0.png 215 54 411 323
_0.png 252 6 381 172
_0.png 218 41 345 192
_0.png 63 40 198 206
_0.png 137 193 346 475
_0.png 93 53 183 163
_0.png 94 46 205 183
_0.png 712 436 1321 1277
_0.png 68 53 201 212
_0.png 197 107 339 284
_0.png 234 10 412 257
_0.png 238 49 451 298
_0.png 316 145 842 833
_0.png 179 83 329 277
_0.png 1248 331 1920 1181
_0.png 321 0 1566 1080
_0.png 538 104 892 614
_0.png 172 208 293 348
_0.png 396 160 517 317
_0.png 217 49 477 408
_0.png 38 32 244 309
_0.png 186 28 402 318
_0.png 114 70 308 319
_0.png 213 81 498 440
_0.png 39 87 352 463
_0.png 180 2 360 239
_0.png 292 219 495 460
../data/humans_mtcnn/kermit/frog_kermit_12.png
_0.png 90 66 325 368
_0.png 95 0 234 187
_0.png 434 56 818 578
_0.png 76 22 246 249
_0.png 146 0 474 387
_0.png 191 0 547 396
_0.png 222 81 518 453
_0.png 53 0 264 286
_0.png 178 75 481 478
_0.png 136 41 322 275
_0.png 113 18 322 276
_0.png 250 44 457 310
_0.png 459 480 1335 1594
_0.png 301 142 696 651
_0.png 533 192 918 695
_0.png 401 10 832 573
_0.png 56 16 174 146
_0.png 36 0 237 186
_0.png 299 86 735 586
_0.png 104 85 286 310
_0.png 128 22 242 164
_0.png 760 75 1204 779
_0.png 187 35 383 318
_0.png 588 110 881 502
../data/humans_mtcnn/surprised/emoji_worried_surprised_3.png
_0.png 324 13 888 716
_0.png 5 49 208 283
_0.png 99 107 485 569
_0.png 146 0 300 206
_0.png 393 388 1216 1622
_0.png 141 70 420 441
_0.png 557 123 690 259
_0.png 108 40 226 176
_0.png 451 268 1112 1106
_0.png 200 19 377 251
_0.png 302 212 839 895
_0.png 47 22 265 300
_0.png 243 2 729 641
_0.png 410 186 471 257
_0.png 238 0 489 303
_0.png 227 65 427 351
_0.png 211 50 423 342
_0.png 146 55 319 288
_0.png 555 126 757 383
_0.png 49 55 225 273
_0.png 14 23 151 187
_0.png 250 31 453 289
_0.png 313 0 1116 809
_0.png 196 0 697 506
_0.png 184 52 376 289
_0.png 210 55 379 259
_0.png 350 139 806 719
_0.png 136 13 356 302
_0.png 476 112 1077 877
_0.png 60 17 157 134
_0.png 669 51 1221 786
_0.png 289 58 506 336
_0.png 802 54 1277 677
_0.png 280 45 515 339
_0.png 159 50 314 246
_0.png 553 134 895 565
_0.png 202 1 574 520
_0.png 164 47 402 357
_0.png 110 33 240 187
_0.png 235 29 394 224
_0.png 388 102 780 607
_0.png 68 52 268 295
_0.png 77 0 228 168
_0.png 125 92 293 286
../data/humans_mtcnn/shrek/human_shrek_a_904.png
_0.png 229 123 532 540
_0.png 179 125 665 750
_0.png 34 39 207 255
_0.png 140 56 246 186
_0.png 323 322 964 1221
_0.png 551 14 1002 581
_0.png 66 8 175 140
_0.png 259 49 567 419
_0.png 246 33 409 241
_0.png 522 30 850 493
_0.png 172 33 442 360
_0.png 147 19 405 362
_0.png 90 55 328 381
_0.png 132 105 418 488
_0.png 114 55 317 312
_0.png 108 3 208 126
_0.png 903 39 1166 382
_0.png 390 222 1109 1181
../data/humans_mtcnn/grinch/human_grinch_b_787.png
_0.png 214 0 493 327
../data/humans_mtcnn/grinch/human_grinch_a_787.png
_0.png 243 110 498 441
_0.png 260 94 751 747
_0.png 387 27 855 601
_0.png 47 132 326 490
_0.png 687 0 1143 536
_0.png 512 173 760 483
_0.png 104 97 344 404
_0.png 228 122 672 693
_0.png 152 176 566 698
_0.png 222 23 442 295
_0.png 72 109 297 391
_0.png 521 206 1009 861
_0.png 35 71 233 329
_0.png 33 54 243 298
_0.png 98 7 216 163
_0.png 546 0 829 375
_0.png 552 40 885 495
../data/humans_mtcnn/shan_you/Human_ShanYou_a_834.png
_0.png 245 46 406 245
_0.png 84 43 264 285
_0.png 405 77 666 464
_0.png 116 123 231 243
_0.png 107 196 341 508
_0.png 42 24 171 187
_0.png 71 0 247 222
_0.png 601 180 989 720
_0.png 63 39 267 300
_0.png 51 99 178 256
_0.png 66 59 178 196
_0.png 71 59 183 199
_0.png 58 50 184 200
_0.png 2074 871 3206 2206
_0.png 224 62 398 284
_0.png 194 122 598 655
_0.png 103 98 273 296
_0.png 141 160 764 979
_0.png 59 13 178 153
_0.png 404 32 799 589
_0.png 99 32 241 198
_0.png 115 217 819 1093
_0.png 369 0 779 568
_0.png 537 100 896 556
_0.png 320 32 504 268
_0.png 178 81 377 348
../data/humans_mtcnn/charlie_sheen/human_Charlie_Sheen_559.png
_0.png 87 89 405 500
_0.png 151 145 462 541
_0.png 40 91 364 480
_0.png 283 71 579 480
_0.png 69 0 273 168
_0.png 541 133 948 671
_0.png 433 90 816 616
_0.png 119 40 395 376
_0.png 54 0 352 293
_0.png 134 266 644 981
